140.760559
80.167740
0.850861
137.927765
72.843712
0.685594
136.209213
74.184189
0.885817
94.644279
77.734352
0.837287
128.310181
77.189415
0.910698
76.939430
120.330002
0.791222
124.346031
118.563057
0.882921
68.797150
186.681351
0.651466
140.727249
183.645035
0.757765
74.640038
216.184036
0.336857
171.969376
190.121094
0.793163
91.104523
238.688065
0.730492
124.666878
237.478302
0.801882
106.997543
334.006714
0.782820
197.524689
285.233978
0.642127
102.225464
437.610443
0.735044
147.543335
367.181793
0.675596
