37.657173
72.224838
0.731886
41.424770
67.019157
0.748896
33.533859
67.573975
0.755539
51.326344
67.095016
0.796551
30.747171
69.892281
0.845939
66.340515
92.993073
0.846077
27.352062
95.050507
0.869572
75.808304
127.383331
0.842320
17.305315
124.976250
0.828564
76.056786
158.581238
0.772317
19.751188
128.666412
0.604192
56.671974
159.666870
0.830802
31.550018
159.297607
0.800382
60.050747
214.066422
0.862081
33.698616
212.548218
0.829490
61.578831
262.102539
0.781110
27.422020
257.994232
0.815555
