167.506424
69.912460
0.868231
180.027222
60.178799
0.908784
155.010941
58.069439
0.880246
192.123810
69.502769
0.790792
137.578827
68.430626
0.809641
204.095078
123.790077
0.796593
112.276016
103.607170
0.700936
198.900803
158.759583
0.232325
60.510460
141.711578
0.255978
189.180191
156.324127
0.104909
40.187508
88.085052
0.618256
162.120407
152.656937
0.082219
116.033585
158.608810
0.103504
56.491058
111.088333
0.033656
24.610912
149.404343
0.043592
36.016357
99.875381
0.062624
34.171474
101.827553
0.097551
