68.149529
94.371819
0.686377
71.385521
87.410301
0.732323
64.158669
87.341530
0.771806
77.253136
89.119225
0.731891
56.658897
89.944099
0.688465
73.000267
128.723145
0.501985
54.604668
133.318939
0.624753
70.990883
185.570755
0.232815
44.707588
193.190613
0.437383
64.196938
214.981232
0.196310
48.887981
221.670578
0.227991
68.509689
230.138031
0.512796
52.590168
229.232437
0.629228
55.900295
296.935333
0.610317
42.088669
291.905243
0.547114
36.147694
350.696198
0.678496
34.169613
346.989227
0.483104
