51.096481
75.289459
0.932978
59.498058
68.765099
0.808790
45.442760
67.858894
0.843939
74.230415
75.012222
0.864085
39.161770
73.439529
0.912351
94.791885
114.759789
0.894160
28.931458
115.445839
0.905445
85.894341
168.430161
0.389163
21.036383
168.901886
0.754003
46.319641
190.312363
0.355930
33.463932
169.831070
0.301366
77.588356
196.416687
0.698301
33.505661
196.895844
0.715983
51.993626
204.865417
0.751734
66.733284
219.422226
0.648997
32.397621
301.029358
0.775942
64.295502
310.469543
0.464530
