82.741112
85.252731
0.991562
92.427498
77.335381
0.902976
80.324959
76.435883
0.910674
116.323837
79.769234
0.840741
77.077545
76.428589
0.713388
137.730560
112.196922
0.805746
64.685471
106.718666
0.804646
138.907089
152.463943
0.837610
35.353344
149.742249
0.881431
85.767586
175.302109
0.733895
64.621460
187.909378
0.844132
116.207008
207.357559
0.572615
72.182465
207.553528
0.551134
134.808319
177.921921
0.867976
36.673489
171.564697
0.625657
126.624763
283.437317
0.737703
52.059822
274.256653
0.821028
