57.268669
83.420631
0.830000
56.117790
77.356194
0.734327
53.886719
78.496269
0.819660
30.676697
83.200493
0.777917
44.757336
84.334396
0.862019
28.048687
106.690132
0.792408
44.843925
119.179970
0.870974
43.165821
81.443054
0.669080
52.191105
166.507080
0.861484
62.080723
60.134636
0.811101
76.083656
194.562698
0.977396
39.210609
190.793747
0.735247
43.450397
194.709412
0.798740
41.149609
253.378723
0.840877
36.253910
256.025696
0.816374
36.602837
314.250153
0.734818
32.915249
317.669586
0.868148
