88.102287
81.283897
0.912191
99.687355
76.744858
0.925429
87.986038
72.278152
0.852050
122.489288
87.473892
0.847592
85.891891
77.773865
0.699254
139.975357
121.657158
0.855688
63.188801
126.695755
0.821538
125.204414
179.299744
0.807921
50.202374
187.301392
0.743815
64.615875
205.506989
0.841622
42.444031
209.258072
0.664577
113.229927
227.325607
0.701015
69.379311
227.265549
0.692404
129.055573
205.164993
0.835696
34.810463
234.408691
0.762026
106.028664
296.388794
0.565265
34.998959
316.908600
0.776260
