87.567406
73.828682
0.737795
88.401848
67.450020
0.787022
89.745193
66.621384
0.621138
93.278877
70.419327
0.857034
123.596054
65.494003
0.882764
88.015030
109.649040
0.777316
151.817184
96.745079
0.764105
62.691818
147.989868
0.753966
182.256393
138.716782
0.767116
42.373318
142.984299
0.565408
151.165619
132.716873
0.389910
120.359360
212.402969
0.687697
157.877487
206.171677
0.692924
122.142662
293.608795
0.726180
117.458443
281.293457
0.610015
151.479263
383.130768
0.889627
143.345932
332.778473
0.423792
