120.978256
96.210114
0.812593
125.236122
88.362045
0.757755
113.658661
88.103355
0.780527
129.343796
91.376137
0.857408
95.796783
88.096046
0.878904
135.977310
131.130463
0.855420
69.326599
136.067047
0.857770
127.324280
187.950287
0.629981
40.875874
191.782227
0.712075
125.096428
228.006683
0.511665
39.656933
236.761475
0.635340
113.468643
242.816681
0.751680
78.231522
241.947739
0.707155
112.318321
324.154755
0.765040
99.668228
309.327057
0.453843
72.307053
402.833618
0.888960
58.607155
331.517487
0.458811
