76.983002
63.732121
0.843792
87.195045
52.925102
0.943269
60.474045
53.507156
0.948305
96.541191
63.365055
0.845787
40.543701
66.997604
0.816598
112.685699
111.827187
0.558235
13.961647
134.800629
0.660936
117.533875
157.014908
0.433990
13.079753
156.576843
0.122746
130.870468
154.944412
0.105504
19.157909
152.887436
0.089057
95.411995
157.920609
0.044265
48.223545
154.384155
0.045981
82.566139
85.852448
0.034068
11.830611
140.608551
0.054373
59.992680
151.398651
0.061939
53.457165
151.134567
0.057931
