86.631317
79.788597
0.917653
95.787155
72.390594
0.865001
80.506523
71.292801
0.884632
111.156868
76.789345
0.951791
72.322044
72.115158
0.791823
133.414490
122.401306
0.895914
55.061855
121.175919
0.884247
124.240051
187.071167
0.933666
64.949501
186.002686
0.910239
102.629982
229.060257
0.831871
84.254013
232.589035
0.870455
115.012650
208.628784
0.622175
71.232819
209.962021
0.661218
153.823227
217.281357
0.817427
32.757065
217.951248
0.874807
111.200737
276.459747
0.559572
63.951271
271.161743
0.350597
